45473019878352168
80357241907443418
87377611824297987
02580208025845643
92108856797078756
84264839544309975
21304697765880203
68504223902720625
20143791546427206
75368293545699816
14039405339149058
06656078569298900
14632027364179764
09621857813029528
41207416681644728
51709586999293956
16321780568951141
80854625517044167
82949048048511800
54140510610056052
81833559008584152
13615919884508735
21494627664746012
90846585175937471
92308362698503906
88123520130226142
55547926832585492
61402371450873383
20961460006328118
96544874367819807
72455570040219410
65932369483050352
75436821598221913
37845267806328786
67761858141476785
92167336065761500
98761158871807735
33172220026454787
53468465833313660
90602600480505626
61151679572800352
21724141347116233
02118834486736714
22428761341026279
24907468336132518
46573159049894996
87033183716561257
50054251810393106
72701749650342807
25865751444344846
08249073643685544
82012931684107013
48702484941741114
20178690982837348
76315107014795115
86749911644566583
48600471359539546
30108606608674390
25187943098992087
31080648534720274
87956163071280465
56832645328974284
70093790818684228
20898943678963355
61650670301646817
97587068766226110
86993082609835172
87076951486301877
74742529820660946
10883287108930543
21574643652586416
31208184137297487
11795712658053152
62661415487184453
88937720384125672
95947803102774170
78621988825595258
70986611311438625
69968972201267791
31679986960190323
13376943583149220
32274742406888229
95081818628560624
37312448118891010
52648299517341953
35575409929161703
08928504949426855
99009140031029383
51916207096210841
60822698688789833
54394501788941261
08399683132585907
45209065863390469
27391434673868561
92361307106522838
11175197823471360
93948540789726431
78757878743813817
41061040435616468
46960522106023778
21411146287632294
88599352291480894
83597981502690210
94764574693270845
98238963255948935
16387654182143000
28123502612342539
37829285111198157
03854362751943805
17269322268241368
35889817965862557
46573271100510137
39134304295983614
96521482080835624
81202023014993437
14478587036417017
08200796261491406
18518272029490785
27349656063308360
67380618333754713
42150849787518203
34463841246883225
76121311014648350
69921007980378165
29411930401392960
60427920330336553
48020340927513682
67822611089341920
17351688246228271
83085857240313787
36645690420865581
58882978968108427
94436883099436496
11110084317520079
41064609446003100
40930693212173350
23121388216538083
81096221983071723
28724701264453462
40037891722729901
63489018291334053
53015659481844810
11468566594600707
66769603435377608
22917985161379802
20655290449755120
85245942148122002
02589628486421038
69483506784313377
44010788302896011
00153736451059124
66280986085439828
59116908900253519
01124862604282895
39595152825189354
90447342058074642
98003557808689215
32473998722415555
11396609427456752
01510881833801145
25058716078217549
80247680389203622
40314702847282375
85229345058352384
95816411228068498
49351965184965439
80017149280990984
93845381363670904
04735193125183646
10867700112505350
86295231120787245
70013471630971294
69288461238570596
24956951298199269
91481276588032430
50395921405222975
76261991336031410
96454504172022745
85318046384743441
80539623809450267
44674324458801859
12330735949210245
43974914468603725
38419580008691651
00510853143689623
45006506418555363
27407134633944820
80885082808762088
35821060660930561
90506340887654830
07230694874187927
22077112683174452
04339443839013474
62403884218264982
53988587952269879
93117047834292324
60845077523505185
29484116531169522
25431913534607732
34518423143784259
29277617306741676
60455985453976337
81299506887642120
32613252780966489
33440428510669881
77916333442374563
81196173873630785
71915640340726494
30804241090341099
00512531562569051
03924456641655676
24891824042220212
07939152564932764
70548303387977154
58704355602906594
31429563910623734
89480585172894875
03751029734053636
90721597962353359
62166765478417718
83060166814162917
41291661565835711
47490923785345583
34080874040371921
90168597591273432
35130369722295632
43817893913291366
13550432122469444
55020197377795439
21295250555075569
81995729383130682
98185879125934884
69244445157067144
84634266217368490
74987127135647414
68211772741699460
98708998833502502
84595368650146234
13443455921724271
28107803049589285
93989717428611555
00495168875977331
40760051582268886
24052452075394230
11140251451918950
02115257294286506
94654952461904339
83896036200409031
14698779721930826
80767196536311444
49781846856718605
41305142320679713
72170728368327323
38253290195150189
84680854172496510
48964017419998215
64622998465528345
47710428499358056
46420199002379980
86807315485115524
04366502603259354
99062581829036300
09788162904811188
56354255335578445
71984048327088017
05423172813863629
38881380052323227
23194793066381331
16129837108447011
61126452017602715
05961562679731680
53174180653722106
67622712483055985
82894153434404026
14603343734814040
90704398630843884
30684514258049858
17030846761559577
16592119964888817
49527907108787651
38341398454338234
86513956134046391
27579766551971168
83204822378132229
62005474726833928
16991240250166923
55156391630900794
46948110571357634
87233535068338016
33926837217818090
15395381310829895
87254107513809941
02923936283248221
91690781675581941
73098420628212115
30753700015693478
12338124241102628
82773159858811325
73604490708877956
84134221512285915
71120829009179739
10683249254245526
73834081373624884
45481118760316203
57461278842298601
65225980160619977
73672712810234979
75086624097551265
90814292888748535
28325877171860674
28468338734052390
79454089998637368
96904431971321915
72146724171319395
29008896361677719
95598738949710039
07645168964317577
65914553171609207
35992365652808487
33212251432991213
71080007854433421
19820040438560040
13510056514114777
12372329885140070
00410060989332792
90567043588193213
86298684410922616
28670541663016653
77584865695991025
61960767167680038
26299618519935789
82655902992345849
27216711050906372
84530544295574511
00047604227999824
58786289338560098
43625813885745731
66211658980331134
14229947794711679
68161440771306281
79931126070553052
89099010623954976
71008923315957989
02226005654050227
03785239929493925
62618938479499621
31572458948744093
72541805611183347
95353122976080512
62699531846875112
73718786840721737
23376074365806291
88291465888754095
08462992750909423
46982147771628645
64476357695408950
92957883890095208
29791489364924708
24552901574876432
90372501331399482
16223309691298913
19958151306635651
93885112195159568
68210640759418095
54524639050864604
22624535184116282
45064349243154858
93375286908974532
74150112636626098
43534472028739470
16330584331709342
24002072840449288
37839894115157724
91911399694791275
41635224697591083
17588760571995748
96848842729118201
61929038639632915
98376583539010306
41871389782024162
81112074054600532
17941481949577145
02361043878056214
86963252527321949
55389255701299087
86038763022345633
12157391130348974
89096294052597965
71565370606575739
43669253152725671
65783719429033108
43053103489371221
15486297285569219
66803433125659940
98017530375864632
85653355098025784
75681628710218521
45178449486692648
75229118229427110
76135896991582432
63861863063796606
06074486468748739
05035273213412986
35437958027991554
38374449885372583
99950731296308878
54382182176530321
97401137186145391
02323747079135957
49878747151694198
68226044079091155
23643778755160983
88986613227425457
48495541967977808
60920258084794123
06622985574836184
28653430898511852
38288774400730665
43590398389116494
50838594735257762
22525624029435608
41451379757714069
52948854987615519
89759830958664320
63748062902474395
11861891469976823
34491480333467110
63320936885178694
64317644275887507
34400283701367200
32266956198905208
60029122377794841
70653497686040447
48732886794957266
38016175706349304
50979541670452281
31119436724106205
38515154419372266
88981814555897321
27597860868240008
43526112260670382
34150997264023992
25981820178928997
01434452883626657
91838353786505958
09741442544974238
32753027197717315
83707069640723187
98136457257454144
26088503201709524
55530012627239617
19628219824392537
80928351629663783
05572559989526082
48216136064908258
34941640081254076
62640942181696756
54377047043427422
01201986022012290
66096574656116632
90530414883323814
37658932267400086
01752104961971784
12329060541096936
87256419553598747
08441325704969661
44813970093890390
13097726118734640
09034071256983632
40133279951723567
96793087876181834
44920539841406123
79543347011920295
12677000481144984
52205498404780353
74720212860299148
19786370265968296
32333410154929543
49670259420296038
33576261711300483
80412088623245991
49976533090134472
57834383805496060
53419763929832158
70174140027727674
77646924267270511
71030039445742606
83088497479012117
33892965195593278
36982172745673057
44507982020713186
57868421833266381
20113554725981664
23257385775578902
69909141247509555
48040051416380886
23203532621917109
19287102786055037
22247971421836660
86947228853471832
84209407714212761
85845174542704294
29640637432940279
15557001724929548
00061562200905898
15528187864736178
87096427907469170
24252856094864043
67304335202644523
05558620140077536
82224806011541234
92500935151715882
36017994555717833
59003515553270873
48972645989389529
52241187136152811
29623204628629580
61181471147099436
73038339364570450
31148779075016060
67473988403078448
00526965090679443
66015778805963480
58968571995401230
28896317005244982
09872310790605750
11103634700344693
73952717779755679
04874624011603236
86493457402227211
62476895784975229
53816285382059477
28742786149540243
66179803045850188
65339164635329778
31947067216081733
83196263756311037
16938938722161699
14977391204242074
67482786152677283
16405421105503024
13964365386601851
96544233440246200
09763192622056220
35898111182948862
99715393720328111
17010842059448019
26189030510634843
63649549185214628
48792207149951007
28970983713290388
18836281581514638
42719038113141175
29431912116484922
27610977216804042
11999534128978651
20202656137331424
07473998515645199
57256086880683116
26829765757301097
03900008280337663
91159866496708670
92267046222290348
34398707953734022
76146271723684582
98277145138493191
02005538323456448
88847858218723955
60148737531884931
21209982364856831
18226453436635182
63825162801977285
49544363039862065
87823202940609472
36700614323731615
51697293759318588
70342166124113218
39092061439590795
20824944914981800
88813056822423576
10969803904767090
63045218964542147
50892627298935600
49841374308014690
87623669136572405
85048669251638506
78942446064989842
83924573178469345
53681065246531419
17943668470857376
26105699286698701
69449993496529040
45029094531914110
16743543162532586
12019875144573119
72726246685797148
43171872007724451
15791371462620273
63790460757428691
65301343049353515
06413294904099189
10335535604684215
93084608159569251
44392140590303194
48575552021795782
06285599634738851
96837507169487370
86534287674412267
66380110804944044
21493815270404980
96155585490910579
84666386619822333
69418391756352646
75829115319180745
93668909729115812
90799965755253786
57897513790554118
81152706468747795
09193187175811600
50733724525014669
31906354519208244
47780444529583980
48872845569211871
05533728347009865
91063894769626611
66172992241336443
54002095061730436
84332544799172427
21966607650859479
91065452500180727
22372626986209922
63104291071410320
48328843076253970
22135029836885892
24658014479957843
71775172936652493
63885327154888280
52461075149284525
92608674561828311
15558377172355999
34753996827156363
00893623665779075
30657938171783689
82773880581498227
76991686075378723
21953194870286636
53592798033158916
13536623969289574
95143297855060537
65969079389867640
18215123512789648
76304060452239022
53718290403524425
23600698905881743
62568880807958109
95453667580470402
58708831854582896
19439355276119210
35686037428591286
43724408177051790
40444642105855436
02550409654985765
68122883748254872
87425733789531367
61673830463024645
62084108956823833
31018239704827099
43812605286131153
06672137480168891
67119011682969091
49085435051094879
50232601392423823
49553632211866883
69598967722037066
98990366683466119
60023813634275786
62302543846970685
59355532137985672
92575311897413108
67555568580425397
89295399629224993
25671757314947100
44603752009080984
72917304067017989
97983265243924244
12239707693429984
22758945547450909
16638713279077583
87479214871466496
88285888641353144
85725208075918870
75137651679736585
27940167590802853
49590765062338210
85202572003331546
19789289445984963
82917359998294162
19864243886100104
48693426315748860
77274363716501571
03298375111660078
63169354858012288
48116254509750852
73544344703872547
90050319616071955
69287136946529807
91294797120095532
32924699908157496
49062468558210263
25225866843795873
93953798171311935
01605331840376521
76193840643039677
44368811968788878
31664229332435530
74035705922710338
63946141673031359
26604371430846166
33847653726235744
35257088449876674
75996464173902230
21051269999306962
71176605667052232
19880392007538377
00927875466410915
26915935995618293
89016829857429666
25949950799560647
98420517968336719
68127134914122502
51614850068610453
40264849430340105
75978655202662557
76052556221151691
84476932873596249
07324078066604942
46543358518375225
46923589119574616
14267340129020558
89658688567418310
54096206601885154
35075713087049814
29319413783703107
92122238426295168
50394563003538118
90724107901480142
98825010691979565
50760545074402505
93003324894914878
36210442264496292
89058417110746355
06026334174381727
14483383218947960
34682283965978676
01878504886385991
01415916076868803
20702340696377275
76278259144785765
45124455037700114
30706158441904141
75254768372355948
04553969659671535
61126914184236466
15620266646680145
63782971654378416
27851459863329988
94713688473632969
59538620790303036
28625042419631189
63352104353348691
17799847439609737
80197543575745689
54739607517212610
84409482181580506
52366027799911247
54068989171360343
61805148335659969
82538338068257786
31441302412473747
11255552043112617
34428131646684935
45061759348521389
55754048026613579
73172578186620881
53451081390428803
52838343613029673
24739350878106807
97707308975932790
24840945565456427
02337373710775134
06174408936803900
25420153017997715
81038732813429018
82827607167625301
00502023021644444
64366261988549501
13737552456304156
04150226247570591
58142086759511783
33366384934849146
02238707638497039
69349967323788124
46268376601362154
86706440363354573
76425031544381820
23462556353985862
79541188155352444
29665611197575977
61694980933810165
79028423840849678
42702416768171572
96257109991143906
94618712709462217
55133694510674732
42731012476395399
93036670014513452
02546353494568256
61928626214715052
99956170572322238
97708712460919826
78375711141006846
08783283118819951
94467203288945230
79709757697682844
15804343019108290
22213887401769022
57122310328033534
47429760170297161
96728610783282158
93595242163438948
60120215469037152
36895427680035322
55886497148145175
83610511024933253
58470875942611697
80179484914709893
27592843859129715
49714618413546281
90112357712129136
02393770596140158
80213877911010681
40408030503581133
18256464336908011
63643040765650504
96612357012296329
33350735266194158
92742701469894187
74048466676492923
47617737784478477
68274211431691035
00101622221255546
71533128395141376
92210299269073204
59940910708026377
33024300559994251
47753961097954432
82933799708735116
82169022131191596
23440883536321729
09716289767016638
72338155665492395
07141752074383518
39151658701883957
64705625370405707
36504684742914206
42453980622465472
90506022559098543
90011410890272729
17094347434210102
89840618427438913
73307815142412284
02294449432129607
51893670743429772
01734429887017343
98512740178190786
53727981080631434
60449025146642997
03553134951798607
70468687852788145
21845160283185892
43755751316581724
74457552498014120
15513431006320132
34008583276611314
82876758968216242
83836392259849324
23315448729426085
11122813409379222
72254647922681910
70925331157062339
12845651450470853
27872301233890162
65546020050418054
37233331714778357
26930572935469977
96532364104764610
96493419889701589
44292713536056618
33365343681125971
67672339334157206
05461331337066336
92115840599417975
60586280839662384
09128397985478639
07406706744878093
05275724566218274
81165054844263129
40419749805839892
46203675320741452
45146540029924083
57479691423927114
46059763549665036
39422969039762877
86325638404790655
70149690565050431
96606915500528527
04834895211027584
05061327185270150
09886466759315288
10259378012332385
69825424561198709
58365188492514217
97645626794110110
69346552600566379
37839440795530938
75962722829016361
93082536451596108
52903403626134131
71242251314597341
33119295986169363
55537349322189369
23661843413694930
72176023209403431
16705747271258688
08244543074866593
75369772542460140
10081096496856398
81633256888859372
40974775426125213
96670553398877234
37656545779999995
53424900201226826
74598438718571569
48904033796203845
20979148375343973
68815954106666020
77246836865568569
92289482836330502
26392872932838677
91381589882650604
51632876485756814
40239609922612004
93006961037077183
73270471286020532
99373618802328516
06348877508633101
93053895453938972
43255874883548797
41971958908033778
67199672472402867
93783857741080274
03227771406530345
54384958262289547
12630470033157843
96033656277415848
45710723439090532
35126556023401704
77847214613933955
24753334425262119
84939240889893485
46913636219919645
16957461163725856
12256824678797946
26224085055812717
98859005874398932
55933299169171719
07051868739726532
17023114455451148
98361521223427231
85965535214622562
