1104
1104
1104
806
829
829
829
639
639
719
483
405
405
409
447
447
553
364
364
364
580
1104
1104
1104
806
829
829
829
639
639
719
483
405
405
409
447
447
553
364
364
364
580
746
781
680
773
768
851
840
928
939
939
823
706
552
657
560
608
608
608
608
688
608
481
746
781
762
817
768
851
840
928
939
939
823
706
552
657
560
608
608
608
608
688
608
481
873
871
739
834
966
900
746
680
607
646
767
730
857
706
852
676
561
423
641
452
420
975
873
871
739
834
966
900
746
680
607
646
767
730
857
706
852
676
561
423
641
452
420
975
861
767
690
690
690
773
751
867
812
773
961
961
709
819
847
774
620
534
697
751
675
638
861
767
690
690
690
773
751
867
812
773
961
961
709
819
847
774
620
534
697
751
675
638
961
961
1022
906
994
1000
950
1082
1011
829
1071
1080
891
970
823
802
770
726
726
682
682
938
961
961
1022
906
994
1000
950
1082
1011
829
1071
1080
891
970
823
802
770
726
726
682
682
938
892
892
796
929
661
852
917
795
795
917
953
776
562
525
603
546
662
585
521
699
686
682
892
892
796
929
661
852
917
795
795
917
953
776
562
525
603
546
662
585
521
699
686
682
467
407
437
352
198
1006
727
811
764
807
786
715
655
746
745
925
882
942
867
904
568
527
499
482
477
512
511
461
430
466
453
438
452
424
395
465
363
461
784
1236
904
751
951
1006
1006
898
1081
696
1078
467
407
437
352
198
1006
727
811
764
807
786
715
655
746
745
925
882
942
867
904
568
527
499
482
477
512
511
461
430
466
453
438
452
424
395
465
363
461
784
1236
904
751
951
1006
1006
898
1081
696
1078
1077
952
1134
1134
1000
818
798
798
798
798
914
485
623
444
559
559
615
566
504
557
557
557
1077
952
1134
1134
1000
818
798
798
798
798
914
485
623
444
559
559
615
566
504
557
557
557
1049
1022
878
845
807
845
796
762
669
536
889
350
350
350
350
350
350
329
329
329
452
452
1049
1022
878
845
807
845
796
762
669
536
889
350
350
350
350
350
350
329
329
329
452
452
724
674
619
536
575
575
575
575
575
506
663
436
580
580
528
528
528
528
528
528
492
473
724
674
619
536
575
575
575
575
575
506
663
436
580
580
528
528
528
528
528
528
492
473
575
655
832
885
885
961
961
961
769
769
575
508
508
522
515
605
605
605
605
605
575
655
832
885
885
961
961
961
769
769
575
508
508
522
515
605
605
605
605
605
539
539
481
385
385
616
491
491
491
443
510
215
224
253
279
279
279
305
323
313
339
339
539
539
481
385
385
616
491
491
491
443
510
215
224
253
279
279
279
305
323
313
339
339
1163
1009
827
827
827
847
759
759
759
683
894
557
557
557
668
668
668
668
668
668
713
713
1163
1009
827
827
827
847
759
759
759
683
894
557
557
557
668
668
668
668
668
668
713
713
769
952
721
750
712
856
923
923
923
1028
1099
1099
944
745
745
495
532
842
652
837
1137
769
952
721
750
712
856
923
923
923
1028
1099
1099
944
745
745
495
532
842
652
837
1137
1835
1144
1509
1298
1307
1537
1048
962
1672
1250
848
848
675
689
689
849
1835
1144
1509
1298
1307
1537
1048
962
1672
1250
848
848
675
689
689
849
1548
1634
1721
1750
1942
1698
1824
1330
1958
2201
656
921
921
774
942
1023
1023
1023
1051
1051
1051
1548
1634
1721
1750
1942
1698
1824
1330
1958
2201
656
921
921
774
942
1023
1023
1023
1051
1051
1051
826
826
826
826
973
914
854
744
1033
922
549
549
549
549
549
549
549
549
549
826
826
826
826
973
914
854
744
1033
922
549
549
549
549
549
549
549
549
549
1071
1071
1124
1059
1492
1035
1092
1035
893
1103
1088
1088
1088
1276
920
1143
1539
897
897
1334
1071
1071
1124
1059
1492
1035
1092
1035
893
1103
1088
1088
1088
1276
920
1143
1539
897
897
1334
957
880
690
832
735
819
819
735
718
844
404
708
610
637
659
633
633
610
630
590
530
957
880
690
832
735
819
819
735
718
844
404
708
610
637
659
633
633
610
630
590
530
556
848
726
726
726
726
592
900
698
953
342
464
311
360
360
360
360
432
376
283
556
848
726
726
726
726
592
900
698
953
342
464
311
360
360
360
360
432
376
283
747
747
889
990
609
884
945
994
836
775
545
459
459
410
528
528
628
589
555
507
607
747
747
889
990
609
884
945
994
836
775
545
459
459
410
528
528
628
589
555
507
607
634
638
542
574
588
588
510
474
345
703
481
481
438
438
438
436
446
416
474
474
448
634
638
542
574
588
588
510
474
345
703
481
481
438
438
438
436
446
416
474
474
448
